function [Sm, Vm, M, Vp, V, C] = constants

C = [0.617848 3.221534 0.265128 2.309656];

M = [0.000254 0.167237 0.261462];

Sm = [-0.005701 -0.014015 0.241859];

V = [0.382859 0.604808 0.017628];

Vm = [0.381876 0.642883 0.067544];

Vp = [0.004458 0.360213 0.189536];

end